
Inactive Modules:
  1) UCX/1.9.0     2) numactl/2.0.13

Due to MODULEPATH changes, the following have been reloaded:
  1) binutils/2.35     2) zlib/1.2.11

The following have been reloaded with a version change:
  1) GCCcore/10.2.0 => GCCcore/7.3.0

algo: merge, num_threads: 1024, num_vals: 262144, input_type: Random
Number of values: 262144
Number of values: 262144
Number of blocks: 256
256
237824 238080
238080 238336
238336 238592
238592 238848
238848 239104
239104 239360
239360 239616
239616 239872
239872 240128
240128 240384
240384 240640
240640 240896
240896 241152
241152 241408
241408 241664
241664 241920
241920 242176
242176 242432
242432 242688
242688 242944
242944 243200
243200 243456
243456 243712
243712 243968
243968 244224
244224 244480
244480 244736
244736 244992
244992 245248
245248 245504
245504 245760
204800 205056
205056 205312
205312 205568
205568 205824
205824 206080
206080 206336
206336 206592
206592 206848
206848 207104
207104 207360
207360 207616
207616 207872
207872 208128
208128 208384
208384 208640
208640 208896
208896 209152
209152 209408
209408 209664
209664 209920
209920 210176
210176 210432
210432 210688
210688 210944
210944 211200
211200 211456
211456 211712
211712 211968
211968 212224
212224 212480
212480 212736
212736 212992
212992 213248
213248 213504
213504 213760
213760 214016
214016 214272
214272 214528
214528 214784
214784 215040
215040 215296
215296 215552
215552 215808
215808 216064
216064 216320
216320 216576
216576 216832
216832 217088
217088 217344
217344 217600
217600 217856
217856 218112
218112 218368
218368 218624
218624 218880
218880 219136
219136 219392
219392 219648
219648 219904
219904 220160
220160 220416
220416 220672
220672 220928
220928 221184
139264 139520
139520 139776
139776 140032
140032 140288
140288 140544
140544 140800
140800 141056
141056 141312
141312 141568
141568 141824
141824 142080
142080 142336
142336 142592
142592 142848
142848 143104
143104 143360
143360 143616
143616 143872
143872 144128
144128 144384
144384 144640
144640 144896
144896 145152
145152 145408
145408 145664
145664 145920
145920 146176
146176 146432
146432 146688
146688 146944
146944 147200
147200 147456
172032 172288
172288 172544
172544 172800
172800 173056
173056 173312
173312 173568
173568 173824
173824 174080
174080 174336
174336 174592
174592 174848
174848 175104
175104 175360
175360 175616
175616 175872
175872 176128
176128 176384
176384 176640
176640 176896
176896 177152
177152 177408
177408 177664
177664 177920
177920 178176
178176 178432
178432 178688
178688 178944
178944 179200
179200 179456
179456 179712
179712 179968
179968 180224
40960 41216
41216 41472
41472 41728
41728 41984
41984 42240
42240 42496
42496 42752
42752 43008
43008 43264
43264 43520
43520 43776
43776 44032
44032 44288
44288 44544
44544 44800
44800 45056
45056 45312
45312 45568
45568 45824
45824 46080
46080 46336
46336 46592
46592 46848
46848 47104
47104 47360
47360 47616
47616 47872
47872 48128
48128 48384
48384 48640
48640 48896
48896 49152
253952 254208
254208 254464
254464 254720
254720 254976
254976 255232
255232 255488
255488 255744
255744 256000
256000 256256
256256 256512
256512 256768
256768 257024
257024 257280
257280 257536
257536 257792
257792 258048
258048 258304
258304 258560
258560 258816
258816 259072
259072 259328
259328 259584
259584 259840
259840 260096
260096 260352
260352 260608
260608 260864
260864 261120
261120 261376
261376 261632
261632 261888
261888 262144
245760 246016
246016 246272
246272 246528
246528 246784
246784 247040
247040 247296
247296 247552
247552 247808
247808 248064
248064 248320
248320 248576
248576 248832
248832 249088
249088 249344
249344 249600
249600 249856
249856 250112
250112 250368
250368 250624
250624 250880
250880 251136
251136 251392
251392 251648
251648 251904
251904 252160
252160 252416
252416 252672
252672 252928
252928 253184
253184 253440
253440 253696
253696 253952
180224 180480
180480 180736
180736 180992
180992 181248
181248 181504
181504 181760
181760 182016
182016 182272
182272 182528
182528 182784
182784 183040
183040 183296
183296 183552
183552 183808
183808 184064
184064 184320
184320 184576
184576 184832
184832 185088
185088 185344
185344 185600
185600 185856
185856 186112
186112 186368
186368 186624
186624 186880
186880 187136
187136 187392
187392 187648
187648 187904
187904 188160
188160 188416
147456 147712
147712 147968
147968 148224
148224 148480
148480 148736
148736 148992
148992 149248
149248 149504
149504 149760
149760 150016
150016 150272
150272 150528
150528 150784
150784 151040
151040 151296
151296 151552
151552 151808
151808 152064
152064 152320
152320 152576
152576 152832
152832 153088
153088 153344
153344 153600
153600 153856
153856 154112
154112 154368
154368 154624
154624 154880
154880 155136
155136 155392
155392 155648
229376 229632
229632 229888
229888 230144
230144 230400
230400 230656
230656 230912
230912 231168
231168 231424
231424 231680
231680 231936
231936 232192
232192 232448
232448 232704
232704 232960
232960 233216
233216 233472
233472 233728
233728 233984
233984 234240
234240 234496
234496 234752
234752 235008
235008 235264
235264 235520
235520 235776
235776 236032
236032 236288
236288 236544
236544 236800
236800 237056
237056 237312
237312 237568
106496 106752
106752 107008
107008 107264
107264 107520
107520 107776
107776 108032
108032 108288
108288 108544
108544 108800
108800 109056
109056 109312
109312 109568
109568 109824
109824 110080
110080 110336
110336 110592
110592 110848
110848 111104
111104 111360
111360 111616
111616 111872
111872 112128
112128 112384
112384 112640
112640 112896
112896 113152
113152 113408
113408 113664
113664 113920
113920 114176
114176 114432
114432 114688
73728 73984
73984 74240
74240 74496
74496 74752
74752 75008
75008 75264
75264 75520
75520 75776
75776 76032
76032 76288
76288 76544
76544 76800
76800 77056
77056 77312
77312 77568
77568 77824
77824 78080
78080 78336
78336 78592
78592 78848
78848 79104
79104 79360
79360 79616
79616 79872
79872 80128
80128 80384
80384 80640
80640 80896
80896 81152
81152 81408
81408 81664
81664 81920
163840 164096
164096 164352
164352 164608
164608 164864
164864 165120
165120 165376
165376 165632
165632 165888
165888 166144
166144 166400
166400 166656
166656 166912
166912 167168
167168 167424
167424 167680
167680 167936
167936 168192
168192 168448
168448 168704
168704 168960
168960 169216
169216 169472
169472 169728
169728 169984
169984 170240
170240 170496
170496 170752
170752 171008
171008 171264
171264 171520
171520 171776
171776 172032
196608 196864
196864 197120
197120 197376
197376 197632
197632 197888
197888 198144
198144 198400
198400 198656
198656 198912
198912 199168
199168 199424
199424 199680
199680 199936
199936 200192
200192 200448
200448 200704
200704 200960
200960 201216
201216 201472
201472 201728
201728 201984
201984 202240
202240 202496
202496 202752
202752 203008
203008 203264
203264 203520
203520 203776
203776 204032
204032 204288
204288 204544
204544 204800
8192 8448
8448 8704
8704 8960
8960 9216
9216 9472
9472 9728
9728 9984
9984 10240
10240 10496
10496 10752
10752 11008
11008 11264
11264 11520
11520 11776
11776 12032
12032 12288
12288 12544
12544 12800
12800 13056
13056 13312
13312 13568
13568 13824
13824 14080
14080 14336
14336 14592
14592 14848
14848 15104
15104 15360
15360 15616
15616 15872
15872 16128
16128 16384
98304 98560
98560 98816
98816 99072
99072 99328
99328 99584
99584 99840
99840 100096
100096 100352
100352 100608
100608 100864
100864 101120
101120 101376
101376 101632
101632 101888
101888 102144
102144 102400
102400 102656
102656 102912
102912 103168
103168 103424
103424 103680
103680 103936
103936 104192
104192 104448
104448 104704
104704 104960
104960 105216
105216 105472
105472 105728
105728 105984
105984 106240
106240 106496
131072 131328
131328 131584
131584 131840
131840 132096
132096 132352
132352 132608
132608 132864
132864 133120
133120 133376
133376 133632
133632 133888
133888 134144
134144 134400
134400 134656
134656 134912
134912 135168
135168 135424
135424 135680
135680 135936
135936 136192
136192 136448
136448 136704
136704 136960
136960 137216
137216 137472
137472 137728
137728 137984
137984 138240
138240 138496
138496 138752
138752 139008
139008 139264
81920 82176
82176 82432
82432 82688
82688 82944
82944 83200
83200 83456
83456 83712
83712 83968
83968 84224
84224 84480
84480 84736
84736 84992
84992 85248
85248 85504
85504 85760
85760 86016
86016 86272
86272 86528
86528 86784
86784 87040
87040 87296
87296 87552
87552 87808
87808 88064
88064 88320
88320 88576
88576 88832
88832 89088
89088 89344
89344 89600
89600 89856
89856 90112
114688 114944
114944 115200
115200 115456
115456 115712
115712 115968
115968 116224
116224 116480
116480 116736
116736 116992
116992 117248
117248 117504
117504 117760
117760 118016
118016 118272
118272 118528
118528 118784
118784 119040
119040 119296
119296 119552
119552 119808
119808 120064
120064 120320
120320 120576
120576 120832
120832 121088
121088 121344
121344 121600
121600 121856
121856 122112
122112 122368
122368 122624
122624 122880
49152 49408
49408 49664
49664 49920
49920 50176
50176 50432
50432 50688
50688 50944
50944 51200
51200 51456
51456 51712
51712 51968
51968 52224
52224 52480
52480 52736
52736 52992
52992 53248
53248 53504
53504 53760
53760 54016
54016 54272
54272 54528
54528 54784
54784 55040
55040 55296
55296 55552
55552 55808
55808 56064
56064 56320
56320 56576
56576 56832
56832 57088
57088 57344
16384 16640
16640 16896
16896 17152
17152 17408
17408 17664
17664 17920
17920 18176
18176 18432
18432 18688
18688 18944
18944 19200
19200 19456
19456 19712
19712 19968
19968 20224
20224 20480
20480 20736
20736 20992
20992 21248
21248 21504
21504 21760
21760 22016
22016 22272
22272 22528
22528 22784
22784 23040
23040 23296
23296 23552
23552 23808
23808 24064
24064 24320
24320 24576
188416 188672
188672 188928
188928 189184
189184 189440
189440 189696
189696 189952
189952 190208
190208 190464
190464 190720
190720 190976
190976 191232
191232 191488
191488 191744
191744 192000
192000 192256
192256 192512
192512 192768
192768 193024
193024 193280
193280 193536
193536 193792
193792 194048
194048 194304
194304 194560
194560 194816
194816 195072
195072 195328
195328 195584
195584 195840
195840 196096
196096 196352
196352 196608
155648 155904
155904 156160
156160 156416
156416 156672
156672 156928
156928 157184
157184 157440
157440 157696
157696 157952
157952 158208
158208 158464
158464 158720
158720 158976
158976 159232
159232 159488
159488 159744
159744 160000
160000 160256
160256 160512
160512 160768
160768 161024
161024 161280
161280 161536
161536 161792
161792 162048
162048 162304
162304 162560
162560 162816
162816 163072
163072 163328
163328 163584
163584 163840
65536 65792
65792 66048
66048 66304
66304 66560
66560 66816
66816 67072
67072 67328
67328 67584
67584 67840
67840 68096
68096 68352
68352 68608
68608 68864
68864 69120
69120 69376
69376 69632
69632 69888
69888 70144
70144 70400
70400 70656
70656 70912
70912 71168
71168 71424
71424 71680
71680 71936
71936 72192
72192 72448
72448 72704
72704 72960
72960 73216
73216 73472
73472 73728
221184 221440
221440 221696
221696 221952
221952 222208
222208 222464
222464 222720
222720 222976
222976 223232
223232 223488
223488 223744
223744 224000
224000 224256
224256 224512
224512 224768
224768 225024
225024 225280
225280 225536
225536 225792
225792 226048
226048 226304
226304 226560
226560 226816
226816 227072
227072 227328
227328 227584
227584 227840
227840 228096
228096 228352
228352 228608
228608 228864
228864 229120
229120 229376
32768 33024
33024 33280
33280 33536
33536 33792
33792 34048
34048 34304
34304 34560
34560 34816
34816 35072
35072 35328
35328 35584
35584 35840
35840 36096
36096 36352
36352 36608
36608 36864
36864 37120
37120 37376
37376 37632
37632 37888
37888 38144
38144 38400
38400 38656
38656 38912
38912 39168
39168 39424
39424 39680
39680 39936
39936 40192
40192 40448
40448 40704
40704 40960
122880 123136
123136 123392
123392 123648
123648 123904
123904 124160
124160 124416
124416 124672
124672 124928
124928 125184
125184 125440
125440 125696
125696 125952
125952 126208
126208 126464
126464 126720
126720 126976
126976 127232
127232 127488
127488 127744
127744 128000
128000 128256
128256 128512
128512 128768
128768 129024
129024 129280
129280 129536
129536 129792
129792 130048
130048 130304
130304 130560
130560 130816
130816 131072
0 256
256 512
512 768
768 1024
1024 1280
1280 1536
1536 1792
1792 2048
2048 2304
2304 2560
2560 2816
2816 3072
3072 3328
3328 3584
3584 3840
3840 4096
4096 4352
4352 4608
4608 4864
4864 5120
5120 5376
5376 5632
5632 5888
5888 6144
6144 6400
6400 6656
6656 6912
6912 7168
7168 7424
7424 7680
7680 7936
7936 8192
90112 90368
90368 90624
90624 90880
90880 91136
91136 91392
91392 91648
91648 91904
91904 92160
92160 92416
92416 92672
92672 92928
92928 93184
93184 93440
93440 93696
93696 93952
93952 94208
94208 94464
94464 94720
94720 94976
94976 95232
95232 95488
95488 95744
95744 96000
96000 96256
96256 96512
96512 96768
96768 97024
97024 97280
97280 97536
97536 97792
97792 98048
98048 98304
57344 57600
57600 57856
57856 58112
58112 58368
58368 58624
58624 58880
58880 59136
59136 59392
59392 59648
59648 59904
59904 60160
60160 60416
60416 60672
60672 60928
60928 61184
61184 61440
61440 61696
61696 61952
61952 62208
62208 62464
62464 62720
62720 62976
62976 63232
63232 63488
63488 63744
63744 64000
64000 64256
64256 64512
64512 64768
64768 65024
65024 65280
65280 65536
24576 24832
24832 25088
25088 25344
25344 25600
25600 25856
25856 26112
26112 26368
26368 26624
26624 26880
26880 27136
27136 27392
27392 27648
27648 27904
27904 28160
28160 28416
28416 28672
28672 28928
28928 29184
29184 29440
29440 29696
29696 29952
29952 30208
30208 30464
30464 30720
30720 30976
30976 31232
31232 31488
31488 31744
31744 32000
32000 32256
32256 32512
32512 32768
512
180224 180736
180736 181248
181248 181760
181760 182272
182272 182784
182784 183296
183296 183808
183808 184320
184320 184832
184832 185344
185344 185856
185856 186368
186368 186880
186880 187392
187392 187904
187904 188416
188416 188928
188928 189440
189440 189952
189952 190464
190464 190976
190976 191488
191488 192000
192000 192512
192512 193024
193024 193536
193536 194048
194048 194560
194560 195072
195072 195584
195584 196096
196096 196608
163840 164352
164352 164864
164864 165376
165376 165888
165888 166400
166400 166912
166912 167424
167424 167936
167936 168448
168448 168960
168960 169472
169472 169984
169984 170496
170496 171008
171008 171520
171520 172032
172032 172544
172544 173056
173056 173568
173568 174080
174080 174592
174592 175104
175104 175616
175616 176128
176128 176640
176640 177152
177152 177664
177664 178176
178176 178688
178688 179200
179200 179712
179712 180224
229376 229888
229888 230400
230400 230912
230912 231424
231424 231936
231936 232448
232448 232960
232960 233472
233472 233984
233984 234496
234496 235008
235008 235520
235520 236032
236032 236544
236544 237056
237056 237568
237568 238080
238080 238592
238592 239104
239104 239616
239616 240128
240128 240640
240640 241152
241152 241664
241664 242176
242176 242688
242688 243200
243200 243712
243712 244224
244224 244736
244736 245248
245248 245760
32768 33280
33280 33792
33792 34304
34304 34816
34816 35328
35328 35840
35840 36352
36352 36864
36864 37376
37376 37888
37888 38400
38400 38912
38912 39424
39424 39936
39936 40448
40448 40960
40960 41472
41472 41984
41984 42496
42496 43008
43008 43520
43520 44032
44032 44544
44544 45056
45056 45568
45568 46080
46080 46592
46592 47104
47104 47616
47616 48128
48128 48640
48640 49152
245760 246272
246272 246784
246784 247296
247296 247808
247808 248320
248320 248832
248832 249344
249344 249856
249856 250368
250368 250880
250880 251392
251392 251904
251904 252416
252416 252928
252928 253440
253440 253952
253952 254464
254464 254976
254976 255488
255488 256000
256000 256512
256512 257024
257024 257536
257536 258048
258048 258560
258560 259072
259072 259584
259584 260096
260096 260608
260608 261120
261120 261632
261632 262144
98304 98816
98816 99328
99328 99840
99840 100352
100352 100864
100864 101376
101376 101888
101888 102400
102400 102912
102912 103424
103424 103936
103936 104448
104448 104960
104960 105472
105472 105984
105984 106496
106496 107008
107008 107520
107520 108032
108032 108544
108544 109056
109056 109568
109568 110080
110080 110592
110592 111104
111104 111616
111616 112128
112128 112640
112640 113152
113152 113664
113664 114176
114176 114688
114688 115200
115200 115712
115712 116224
116224 116736
116736 117248
117248 117760
117760 118272
118272 118784
118784 119296
119296 119808
119808 120320
120320 120832
120832 121344
121344 121856
121856 122368
122368 122880
122880 123392
123392 123904
123904 124416
124416 124928
124928 125440
125440 125952
125952 126464
126464 126976
126976 127488
127488 128000
128000 128512
128512 129024
129024 129536
129536 130048
130048 130560
130560 131072
49152 49664
49664 50176
50176 50688
50688 51200
51200 51712
51712 52224
52224 52736
52736 53248
53248 53760
53760 54272
54272 54784
54784 55296
55296 55808
55808 56320
56320 56832
56832 57344
57344 57856
57856 58368
58368 58880
58880 59392
59392 59904
59904 60416
60416 60928
60928 61440
61440 61952
61952 62464
62464 62976
62976 63488
63488 64000
64000 64512
64512 65024
65024 65536
212992 213504
213504 214016
214016 214528
214528 215040
215040 215552
215552 216064
216064 216576
216576 217088
217088 217600
217600 218112
218112 218624
218624 219136
219136 219648
219648 220160
220160 220672
220672 221184
221184 221696
221696 222208
222208 222720
222720 223232
223232 223744
223744 224256
224256 224768
224768 225280
225280 225792
225792 226304
226304 226816
226816 227328
227328 227840
227840 228352
228352 228864
228864 229376
147456 147968
147968 148480
148480 148992
148992 149504
149504 150016
150016 150528
150528 151040
151040 151552
151552 152064
152064 152576
152576 153088
153088 153600
153600 154112
154112 154624
154624 155136
155136 155648
155648 156160
156160 156672
156672 157184
157184 157696
157696 158208
158208 158720
158720 159232
159232 159744
159744 160256
160256 160768
160768 161280
161280 161792
161792 162304
162304 162816
162816 163328
163328 163840
131072 131584
131584 132096
132096 132608
132608 133120
133120 133632
133632 134144
134144 134656
134656 135168
135168 135680
135680 136192
136192 136704
136704 137216
137216 137728
137728 138240
138240 138752
138752 139264
139264 139776
139776 140288
140288 140800
140800 141312
141312 141824
141824 142336
142336 142848
142848 143360
143360 143872
143872 144384
144384 144896
144896 145408
145408 145920
145920 146432
146432 146944
146944 147456
81920 82432
82432 82944
82944 83456
83456 83968
83968 84480
84480 84992
84992 85504
85504 86016
86016 86528
86528 87040
87040 87552
87552 88064
88064 88576
88576 89088
89088 89600
89600 90112
90112 90624
90624 91136
91136 91648
91648 92160
92160 92672
92672 93184
93184 93696
93696 94208
94208 94720
94720 95232
95232 95744
95744 96256
96256 96768
96768 97280
97280 97792
97792 98304
196608 197120
197120 197632
197632 198144
198144 198656
198656 199168
199168 199680
199680 200192
200192 200704
200704 201216
201216 201728
201728 202240
202240 202752
202752 203264
203264 203776
203776 204288
204288 204800
204800 205312
205312 205824
205824 206336
206336 206848
206848 207360
207360 207872
207872 208384
208384 208896
208896 209408
209408 209920
209920 210432
210432 210944
210944 211456
211456 211968
211968 212480
212480 212992
16384 16896
16896 17408
17408 17920
17920 18432
18432 18944
18944 19456
19456 19968
19968 20480
20480 20992
20992 21504
21504 22016
22016 22528
22528 23040
23040 23552
23552 24064
24064 24576
24576 25088
25088 25600
25600 26112
26112 26624
26624 27136
27136 27648
27648 28160
28160 28672
28672 29184
29184 29696
29696 30208
30208 30720
30720 31232
31232 31744
31744 32256
32256 32768
65536 66048
66048 66560
66560 67072
67072 67584
67584 68096
68096 68608
68608 69120
69120 69632
69632 70144
70144 70656
70656 71168
71168 71680
71680 72192
72192 72704
72704 73216
73216 73728
73728 74240
74240 74752
74752 75264
75264 75776
75776 76288
76288 76800
76800 77312
77312 77824
77824 78336
78336 78848
78848 79360
79360 79872
79872 80384
80384 80896
80896 81408
81408 81920
0 512
512 1024
1024 1536
1536 2048
2048 2560
2560 3072
3072 3584
3584 4096
4096 4608
4608 5120
5120 5632
5632 6144
6144 6656
6656 7168
7168 7680
7680 8192
8192 8704
8704 9216
9216 9728
9728 10240
10240 10752
10752 11264
11264 11776
11776 12288
12288 12800
12800 13312
13312 13824
13824 14336
14336 14848
14848 15360
15360 15872
15872 16384
1024
196608 197632
197632 198656
198656 199680
199680 200704
200704 201728
201728 202752
202752 203776
203776 204800
204800 205824
205824 206848
206848 207872
207872 208896
208896 209920
209920 210944
210944 211968
211968 212992
212992 214016
214016 215040
215040 216064
216064 217088
217088 218112
218112 219136
219136 220160
220160 221184
221184 222208
222208 223232
223232 224256
224256 225280
225280 226304
226304 227328
227328 228352
228352 229376
229376 230400
230400 231424
231424 232448
232448 233472
233472 234496
234496 235520
235520 236544
236544 237568
237568 238592
238592 239616
239616 240640
240640 241664
241664 242688
242688 243712
243712 244736
244736 245760
245760 246784
246784 247808
247808 248832
248832 249856
249856 250880
250880 251904
251904 252928
252928 253952
253952 254976
254976 256000
256000 257024
257024 258048
258048 259072
259072 260096
260096 261120
261120 262144
131072 132096
132096 133120
133120 134144
134144 135168
135168 136192
136192 137216
137216 138240
138240 139264
139264 140288
140288 141312
141312 142336
142336 143360
143360 144384
144384 145408
145408 146432
146432 147456
147456 148480
148480 149504
149504 150528
150528 151552
151552 152576
152576 153600
153600 154624
154624 155648
155648 156672
156672 157696
157696 158720
158720 159744
159744 160768
160768 161792
161792 162816
162816 163840
163840 164864
164864 165888
165888 166912
166912 167936
167936 168960
168960 169984
169984 171008
171008 172032
172032 173056
173056 174080
174080 175104
175104 176128
176128 177152
177152 178176
178176 179200
179200 180224
180224 181248
181248 182272
182272 183296
183296 184320
184320 185344
185344 186368
186368 187392
187392 188416
188416 189440
189440 190464
190464 191488
191488 192512
192512 193536
193536 194560
194560 195584
195584 196608
0 1024
1024 2048
2048 3072
3072 4096
4096 5120
5120 6144
6144 7168
7168 8192
8192 9216
9216 10240
10240 11264
11264 12288
12288 13312
13312 14336
14336 15360
15360 16384
16384 17408
17408 18432
18432 19456
19456 20480
20480 21504
21504 22528
22528 23552
23552 24576
24576 25600
25600 26624
26624 27648
27648 28672
28672 29696
29696 30720
30720 31744
31744 32768
32768 33792
33792 34816
34816 35840
35840 36864
36864 37888
37888 38912
38912 39936
39936 40960
40960 41984
41984 43008
43008 44032
44032 45056
45056 46080
46080 47104
47104 48128
48128 49152
49152 50176
50176 51200
51200 52224
52224 53248
53248 54272
54272 55296
55296 56320
56320 57344
57344 58368
58368 59392
59392 60416
60416 61440
61440 62464
62464 63488
63488 64512
64512 65536
65536 66560
66560 67584
67584 68608
68608 69632
69632 70656
70656 71680
71680 72704
72704 73728
73728 74752
74752 75776
75776 76800
76800 77824
77824 78848
78848 79872
79872 80896
80896 81920
81920 82944
82944 83968
83968 84992
84992 86016
86016 87040
87040 88064
88064 89088
89088 90112
90112 91136
91136 92160
92160 93184
93184 94208
94208 95232
95232 96256
96256 97280
97280 98304
98304 99328
99328 100352
100352 101376
101376 102400
102400 103424
103424 104448
104448 105472
105472 106496
106496 107520
107520 108544
108544 109568
109568 110592
110592 111616
111616 112640
112640 113664
113664 114688
114688 115712
115712 116736
116736 117760
117760 118784
118784 119808
119808 120832
120832 121856
121856 122880
122880 123904
123904 124928
124928 125952
125952 126976
126976 128000
128000 129024
129024 130048
130048 131072
2048
0 2048
2048 4096
4096 6144
6144 8192
8192 10240
10240 12288
12288 14336
14336 16384
16384 18432
18432 20480
20480 22528
22528 24576
24576 26624
26624 28672
28672 30720
30720 32768
32768 34816
34816 36864
36864 38912
38912 40960
40960 43008
43008 45056
45056 47104
47104 49152
49152 51200
51200 53248
53248 55296
55296 57344
57344 59392
59392 61440
61440 63488
63488 65536
65536 67584
67584 69632
69632 71680
71680 73728
73728 75776
75776 77824
77824 79872
79872 81920
81920 83968
83968 86016
86016 88064
88064 90112
90112 92160
92160 94208
94208 96256
96256 98304
98304 100352
100352 102400
102400 104448
104448 106496
106496 108544
108544 110592
110592 112640
112640 114688
114688 116736
116736 118784
118784 120832
120832 122880
122880 124928
124928 126976
126976 129024
129024 131072
131072 133120
133120 135168
135168 137216
137216 139264
139264 141312
141312 143360
143360 145408
145408 147456
147456 149504
149504 151552
151552 153600
153600 155648
155648 157696
157696 159744
159744 161792
161792 163840
163840 165888
165888 167936
167936 169984
169984 172032
172032 174080
174080 176128
176128 178176
178176 180224
180224 182272
182272 184320
184320 186368
186368 188416
188416 190464
190464 192512
192512 194560
194560 196608
196608 198656
198656 200704
200704 202752
202752 204800
204800 206848
206848 208896
208896 210944
210944 212992
212992 215040
215040 217088
217088 219136
219136 221184
221184 223232
223232 225280
225280 227328
227328 229376
229376 231424
231424 233472
233472 235520
235520 237568
237568 239616
239616 241664
241664 243712
243712 245760
245760 247808
247808 249856
249856 251904
251904 253952
253952 256000
256000 258048
258048 260096
260096 262144
4096
0 4096
4096 8192
8192 12288
12288 16384
16384 20480
20480 24576
24576 28672
28672 32768
32768 36864
36864 40960
40960 45056
45056 49152
49152 53248
53248 57344
57344 61440
61440 65536
65536 69632
69632 73728
73728 77824
77824 81920
81920 86016
86016 90112
90112 94208
94208 98304
98304 102400
102400 106496
106496 110592
110592 114688
114688 118784
118784 122880
122880 126976
126976 131072
131072 135168
135168 139264
139264 143360
143360 147456
147456 151552
151552 155648
155648 159744
159744 163840
163840 167936
167936 172032
172032 176128
176128 180224
180224 184320
184320 188416
188416 192512
192512 196608
196608 200704
200704 204800
204800 208896
208896 212992
212992 217088
217088 221184
221184 225280
225280 229376
229376 233472
233472 237568
237568 241664
241664 245760
245760 249856
249856 253952
253952 258048
258048 262144
8192
0 8192
8192 16384
16384 24576
24576 32768
32768 40960
40960 49152
49152 57344
57344 65536
65536 73728
73728 81920
81920 90112
90112 98304
98304 106496
106496 114688
114688 122880
122880 131072
131072 139264
139264 147456
147456 155648
155648 163840
163840 172032
172032 180224
180224 188416
188416 196608
196608 204800
204800 212992
212992 221184
221184 229376
229376 237568
237568 245760
245760 253952
253952 262144
16384
0 16384
16384 32768
32768 49152
49152 65536
65536 81920
81920 98304
98304 114688
114688 131072
131072 147456
147456 163840
163840 180224
180224 196608
196608 212992
212992 229376
229376 245760
245760 262144
32768
0 32768
32768 65536
65536 98304
98304 131072
131072 163840
163840 196608
196608 229376
229376 262144
65536
0 65536
65536 131072
131072 196608
196608 262144
131072
0 131072
131072 262144
262144
Elapsed time: 0.560s
1 1948.904785 457.290009
1948.905 457.290 1401.801 288.396 1032.337 1908.635 1574.522 158.646 1715.030 157.210 418.433 259.940 1632.080 1892.320 708.160 877.108 1107.253 176.044 817.971 1557.998 
Not sorted correctly
